123,46,67,89,101,12,34,56
45,234,78,90,11,22,33,44
67,78,200,55,66,77,88,99
89,90,55,180,44,33,22,11
101,11,66,44,150,88,77,66
12,22,77,33,88,140,55,44
34,33,88,22,77,55,130,33
56,44,99,11,66,44,33,120
