226,117,190,166,85,175,203,143,73,120,123,175,84,163,78,165,151,187,194,117,157,143,132,124,45,108,104,44,167,122,122,46,132,41,121,111,194,142,155,38
117,176,147,94,133,202,100,115,148,82,129,147,111,156,67,126,40,53,52,236,121,40,99,216,53,182,137,152,111,73,40,129,123,117,189,184,159,201,76,99
190,147,59,111,30,113,123,192,190,164,93,220,89,137,185,127,101,87,101,159,194,145,168,91,220,88,196,135,112,72,38,123,188,122,138,113,157,70,129,59
166,94,111,181,92,116,214,136,86,236,73,140,70,116,190,181,146,106,35,115,103,51,157,129,85,134,148,94,168,92,166,135,185,123,63,156,29,37,127,61
85,133,30,92,83,141,95,68,108,87,123,214,68,152,82,155,159,149,167,186,184,155,175,108,148,206,81,94,121,165,111,183,112,162,72,136,100,155,211,152
175,202,113,116,141,55,51,133,154,189,166,27,168,149,138,44,109,126,130,137,170,34,147,128,57,22,158,72,111,45,70,145,118,139,130,101,215,183,149,165
203,100,123,214,95,51,63,66,132,142,189,115,155,130,51,65,160,106,147,104,110,85,89,125,97,152,180,158,178,74,46,92,204,96,69,42,43,61,141,63
143,115,192,136,68,133,66,114,68,15,209,158,88,155,170,143,214,198,29,144,150,132,35,203,126,161,96,132,119,84,49,121,144,167,73,114,90,121,234,127
73,148,190,86,108,154,132,68,244,159,137,220,76,156,144,138,135,117,158,46,154,85,105,164,135,138,156,229,132,188,132,167,73,196,171,72,157,144,142,147
120,82,164,236,87,189,142,15,159,149,90,196,126,183,198,192,162,222,141,110,92,217,101,74,182,63,94,149,73,116,187,171,131,148,153,143,167,115,180,178
123,129,93,73,123,166,189,209,137,90,167,212,59,69,176,84,168,115,120,130,118,145,112,79,126,180,149,137,149,68,125,152,212,122,132,185,116,111,65,201
175,147,220,140,214,27,115,158,220,196,212,144,109,124,110,207,74,33,198,207,56,105,99,135,68,125,168,106,38,92,161,144,126,43,109,162,40,102,209,136
84,111,89,70,68,168,155,88,76,126,59,109,107,64,146,136,213,25,99,177,91,130,171,61,211,94,185,160,208,71,86,78,197,68,165,167,143,219,94,151
163,156,137,116,152,149,130,155,156,183,69,124,64,184,95,93,133,160,133,83,159,188,181,122,75,176,201,157,86,133,94,131,152,133,76,123,119,202,220,132
78,67,185,190,82,138,51,170,144,198,176,110,146,95,54,65,147,171,97,110,125,100,154,164,145,204,162,56,73,183,108,86,107,89,161,100,142,124,84,86
165,126,127,181,155,44,65,143,138,192,84,207,136,93,65,246,164,171,125,141,105,78,115,114,49,87,109,71,77,28,56,99,45,134,121,118,160,135,143,51
151,40,101,146,159,109,160,214,135,162,168,74,213,133,147,164,244,218,91,130,122,163,33,148,154,113,88,130,113,68,168,198,101,124,29,111,160,150,96,131
187,53,87,106,149,126,106,198,117,222,115,33,25,160,171,171,218,56,218,42,197,51,181,45,85,127,237,151,103,99,139,114,53,219,148,214,93,193,196,71
194,52,101,35,167,130,147,29,158,141,120,198,99,133,97,125,91,218,67,54,77,169,148,102,130,118,186,126,245,90,177,80,65,179,60,119,156,134,60,53
117,236,159,115,186,137,104,144,46,110,130,207,177,83,110,141,130,42,54,114,146,142,212,204,207,166,105,125,151,125,94,150,159,19,73,191,98,131,133,101
157,121,194,103,184,170,110,150,154,92,118,56,91,159,125,105,122,197,77,146,72,215,192,128,211,59,78,159,152,139,164,141,89,226,89,144,148,206,129,109
143,40,145,51,155,34,85,132,85,217,145,105,130,188,100,78,163,51,169,142,215,136,116,109,54,211,169,168,80,61,112,160,140,76,158,94,143,70,182,142
132,99,168,157,175,147,89,35,105,101,112,99,171,181,154,115,33,181,148,212,192,116,50,122,171,104,150,50,114,199,237,28,135,152,88,63,195,128,170,141
124,216,91,129,108,128,125,203,164,74,79,135,61,122,164,114,148,45,102,204,128,109,122,51,140,62,80,115,62,148,61,129,112,208,84,215,85,113,181,171
45,53,220,85,148,57,97,126,135,182,126,68,211,75,145,49,154,85,130,207,211,54,171,140,17,168,171,130,115,77,146,111,172,225,112,194,101,143,90,183
108,182,88,134,206,22,152,161,138,63,180,125,94,176,204,87,113,127,118,166,59,211,104,62,168,235,50,202,120,212,118,161,219,189,173,182,45,90,180,26
104,137,196,148,81,158,180,96,156,94,149,168,185,201,162,109,88,237,186,105,78,169,150,80,171,50,211,137,227,106,162,209,173,167,42,32,143,136,41,135
44,152,135,94,94,72,158,132,229,149,137,106,160,157,56,71,130,151,126,125,159,168,50,115,130,202,137,249,201,154,199,171,120,55,151,170,204,156,146,138
167,111,112,168,121,111,178,119,132,73,149,38,208,86,73,77,113,103,245,151,152,80,114,62,115,120,227,201,139,54,175,43,95,64,102,174,130,164,146,174
122,73,72,92,165,45,74,84,188,116,68,92,71,133,183,28,68,99,90,125,139,61,199,148,77,212,106,154,54,83,113,184,120,150,57,108,112,58,149,31
122,40,38,166,111,70,46,49,132,187,125,161,86,94,108,56,168,139,177,94,164,112,237,61,146,118,162,199,175,113,29,49,221,201,223,53,134,115,123,105
46,129,123,135,183,145,92,121,167,171,152,144,78,131,86,99,198,114,80,150,141,160,28,129,111,161,209,171,43,184,49,203,125,140,39,111,52,142,112,146
132,123,188,185,112,118,204,144,73,131,212,126,197,152,107,45,101,53,65,159,89,140,135,112,172,219,173,120,95,120,221,125,75,153,79,212,69,76,91,59
41,117,122,123,162,139,96,167,196,148,122,43,68,133,89,134,124,219,179,19,226,76,152,208,225,189,167,55,64,150,201,140,153,154,186,144,43,124,129,147
121,189,138,63,72,130,69,73,171,153,132,109,165,76,161,121,29,148,60,73,89,158,88,84,112,173,42,151,102,57,223,39,79,186,199,93,149,120,160,180
111,184,113,156,136,101,42,114,72,143,185,162,167,123,100,118,111,214,119,191,144,94,63,215,194,182,32,170,174,108,53,111,212,144,93,245,107,197,109,197
194,159,157,29,100,215,43,90,157,167,116,40,143,119,142,160,160,93,156,98,148,143,195,85,101,45,143,204,130,112,134,52,69,43,149,107,57,148,150,132
142,201,70,37,155,183,61,121,144,115,111,102,219,202,124,135,150,193,134,131,206,70,128,113,143,90,136,156,164,58,115,142,76,124,120,197,148,228,83,114
155,76,129,127,211,149,141,234,142,180,65,209,94,220,84,143,96,196,60,133,129,182,170,181,90,180,41,146,146,149,123,112,91,129,160,109,150,83,241,72
38,99,59,61,152,165,63,127,147,178,201,136,151,132,86,51,131,71,53,101,109,142,141,171,183,26,135,138,174,31,105,146,59,147,180,197,132,114,72,145